[Coordinate]
YawAngle=199.123456
RelativeHeight=105.123456
Altitude=103.123456
Latitude=999.1234567
Longitude=888.1234567
