[Coordinate]
YawAngle=188.810000
RelativeHeight=105.550000
Altitude=103.080000
Latitude=102.120000
Longitude=101.110000
